101
202
303
404
505
606
707
808
909
1001
2255643847
2335877028
2138236367
583277791
91164750
774969388
2932895996
2731382449
1741166782
2919566299
2583012668
1676449158
468150913
2086763972
3946331136
1318987692
3413497466
2784437188
1392698725
386695407
786613760
3301651372
3018811169
3383433813
340656209
373904136
2827602938
513846344
3035980944
1016201373
517891778
3733479804
719019510
4279735229
2978315831
3175110258
3744526412
1820773811
2615528346
3244614243
2402715570
1770049967
2280402280
3315081766
2640807035
2638411450
1802035854
4061293052
1610960855
3905704592
3597117945
3063403629
3586262149
3865129768
1384844096
4062233919
3338088772
1968623496
4253545220
1814294374
1599620824
1700946493
3888772659
1772391514
4103648752
2223578770
1193379945
2582906678
316506762
1889583782
1597837170
3095166961
754071075
3787862737
4290964525
3006481299
1300655317
261446891
3008119192
78616861
4259204043
2617998187
1262025207
1361945114
404602459
3888094358
4171409200
3919855572
3980576654
1792623664
